# redshift    SN_Ia    SN_II    SN_Ibc
1.199924274174523742e+00 1.564311078631788476e-01 5.904982244957748261e-01 2.530706676410463540e-01
1.199613536994384111e+00 1.564586924105551557e-01 5.904789153126114298e-01 2.530623922768334699e-01
1.199302897574048954e+00 1.564862738480964077e-01 5.904596083063324841e-01 2.530541178455710805e-01
1.198992356639893453e+00 1.565138521724007137e-01 5.904403034793194172e-01 2.530458443482797581e-01
1.198681913652055453e+00 1.565414273764128561e-01 5.904210008365109452e-01 2.530375717870761432e-01
1.198371568267941445e+00 1.565689994532461216e-01 5.904017003827276566e-01 2.530293001640261386e-01
1.198061320438771782e+00 1.565965683942122100e-01 5.903824021240514641e-01 2.530210294817363259e-01
1.197751170115780139e+00 1.566241341909832552e-01 5.903631060663115937e-01 2.530127597427049846e-01
1.197441117250203746e+00 1.566516968363414752e-01 5.903438122145608924e-01 2.530044909490975491e-01
1.197131161793289378e+00 1.566792563235232527e-01 5.903245205735336842e-01 2.529962231029430075e-01
1.196821303696292471e+00 1.567068126460273159e-01 5.903052311477807734e-01 2.529879562061917997e-01
1.196511542910474235e+00 1.567343657981816185e-01 5.902859439412727616e-01 2.529796902605455089e-01
1.196201879387106315e+00 1.567619157738303903e-01 5.902666589583187573e-01 2.529714252678508801e-01
1.195892313857753519e+00 1.567894625693416755e-01 5.902473762014608383e-01 2.529631612291974863e-01
1.195582845674492134e+00 1.568170061769486034e-01 5.902280956761359887e-01 2.529548981469154079e-01
1.195273474597861707e+00 1.568445465894481028e-01 5.902088173873862864e-01 2.529466360231655275e-01
1.194964200579165414e+00 1.568720837981542604e-01 5.901895413412919789e-01 2.529383748605537052e-01
1.194655023569714869e+00 1.568996177950051918e-01 5.901702675434963297e-01 2.529301146614984508e-01
1.194345943520830122e+00 1.569271485733858829e-01 5.901509959986298570e-01 2.529218554279842324e-01
1.194036960383836554e+00 1.569546761271690682e-01 5.901317267109815745e-01 2.529135971618492462e-01
1.193728074110071091e+00 1.569822004498656609e-01 5.901124596850939596e-01 2.529053398650402684e-01
1.193419284650875767e+00 1.570097215350474418e-01 5.900931949254667463e-01 2.528970835394857564e-01
1.193110591957601052e+00 1.570372393762657637e-01 5.900739324366138794e-01 2.528888281871202737e-01
1.192801995981606744e+00 1.570647539670649018e-01 5.900546722230545216e-01 2.528805738098805489e-01
1.192493497335119113e+00 1.570922653034275696e-01 5.900354142876006458e-01 2.528723204089717291e-01
1.192185095501806957e+00 1.571197733780327066e-01 5.900161586353770415e-01 2.528640679865901686e-01
1.191876790230246952e+00 1.571472781843453737e-01 5.899969052709581607e-01 2.528558165446963546e-01
1.191568581471828869e+00 1.571747797139951552e-01 5.899776542002033164e-01 2.528475660858014451e-01
1.191260469177953807e+00 1.572022779592801289e-01 5.899584054285038626e-01 2.528393166122159808e-01
1.190952453300029523e+00 1.572297729132010047e-01 5.899391589607592135e-01 2.528310681260396708e-01
1.190644533789471327e+00 1.572572645690835935e-01 5.899199148016414096e-01 2.528228206292749136e-01
1.190336710597704295e+00 1.572847529204324801e-01 5.899006729556972584e-01 2.528145741238702615e-01
1.190028983676157281e+00 1.573122379608264954e-01 5.898814334274213866e-01 2.528063286117520625e-01
1.189721352976272462e+00 1.573397196840071455e-01 5.898621962211949565e-01 2.527980840947978147e-01
1.189413818449495341e+00 1.573671980841089280e-01 5.898429613411236838e-01 2.527898405747673327e-01
1.189106380047281197e+00 1.573946731547448130e-01 5.898237287916785476e-01 2.527815980535765283e-01
1.188799037818995652e+00 1.574221448898429909e-01 5.898044985771099258e-01 2.527733565330471110e-01
1.188491792257616586e+00 1.574496132850591867e-01 5.897852707004586081e-01 2.527651160144822606e-01
1.188184642665588431e+00 1.574770783324238310e-01 5.897660451673032433e-01 2.527568765002728424e-01
1.187877588994400435e+00 1.575045400250817407e-01 5.897468219824427704e-01 2.527486379924754889e-01
1.187570631195547843e+00 1.575319983546515923e-01 5.897276011517438299e-01 2.527404004936045223e-01
1.187263769220535892e+00 1.575594533137423814e-01 5.897083826803802831e-01 2.527321640058772800e-01
1.186957003020877810e+00 1.575869048961731078e-01 5.896891665726787801e-01 2.527239285311480566e-01
1.186650332548092157e+00 1.576143530955599337e-01 5.896699528331079687e-01 2.527156940713319866e-01
1.186343757753708816e+00 1.576417979054553220e-01 5.896507414661812385e-01 2.527074606283634117e-01
1.186037278589261890e+00 1.576692393194523423e-01 5.896315324763833354e-01 2.526992282041642945e-01
1.185730895006297470e+00 1.576966773312001580e-01 5.896123258681598145e-01 2.526909968006399443e-01
1.185424606956367644e+00 1.577241119343179010e-01 5.895931216459774360e-01 2.526827664197046075e-01
1.185118414391029606e+00 1.577515431224102149e-01 5.895739198143128412e-01 2.526745370632769161e-01
1.184812317261854542e+00 1.577789708892405052e-01 5.895547203775315381e-01 2.526663087332278179e-01
1.184506315520414299e+00 1.578063952285068960e-01 5.895355233400451089e-01 2.526580814314479118e-01
1.184200409118296049e+00 1.578338161342655033e-01 5.895163287060141144e-01 2.526498551597203268e-01
1.183894598557543754e+00 1.578612336023221818e-01 5.894971364783744283e-01 2.526416299193033344e-01
1.183588883271394998e+00 1.578886476249512227e-01 5.894779466625340580e-01 2.526334057125146360e-01
1.183283263169773614e+00 1.579160581954815179e-01 5.894587592631629347e-01 2.526251825413555196e-01
1.182977738204298301e+00 1.579434653059270666e-01 5.894395742858510312e-01 2.526169604082218467e-01
1.182672308326593757e+00 1.579708689489900952e-01 5.894203917357069278e-01 2.526087393153029770e-01
1.182366973488291784e+00 1.579982691179586118e-01 5.894012116174288662e-01 2.526005192646124109e-01
1.182061733641035506e+00 1.580256658063798059e-01 5.893820339355341220e-01 2.525923002580860444e-01
1.181756588736472935e+00 1.580530590078559894e-01 5.893628586945007797e-01 2.525840822976432309e-01
1.181451538726261186e+00 1.580804487160306915e-01 5.893436858987785021e-01 2.525758653851907787e-01
1.181146583562064478e+00 1.581078349250791548e-01 5.893245155524445833e-01 2.525676495224762341e-01
1.180841723195556137e+00 1.581352176289835543e-01 5.893053476597115425e-01 2.525594347113049309e-01
1.180536957578416812e+00 1.581625968214090128e-01 5.892861822250137216e-01 2.525512209535772934e-01
1.180232286662334928e+00 1.581899724960191544e-01 5.892670192527865725e-01 2.525430082511942453e-01
1.179927710399007568e+00 1.582173446464868738e-01 5.892478587474592189e-01 2.525347966060539351e-01
1.179623228740138474e+00 1.582447132665111000e-01 5.892287007134421328e-01 2.525265860200466284e-01
1.179318841637439386e+00 1.582720783497481021e-01 5.892095451551763174e-01 2.525183764950755805e-01
1.179014549042632698e+00 1.582994398898544819e-01 5.891903920771017766e-01 2.525101680330436582e-01
1.178710350907445248e+00 1.583267978804905052e-01 5.891712414836566269e-01 2.525019606358528401e-01
1.178406247183613420e+00 1.583541523153546571e-01 5.891520933792516734e-01 2.524937543053936140e-01
1.178102237822880927e+00 1.583815031880995150e-01 5.891329477683302507e-01 2.524855490435701233e-01
1.177798322948242049e+00 1.584088504934288988e-01 5.891138046545997264e-01 2.524773448519713193e-01
1.177494502559118139e+00 1.584361942254931543e-01 5.890946640421547142e-01 2.524691417323520204e-01
1.177190776378828074e+00 1.584635343773296012e-01 5.890755259358692042e-01 2.524609396868011113e-01
1.176887144359149762e+00 1.584908709420341788e-01 5.890563903405759971e-01 2.524527387173897131e-01
1.176583606451869102e+00 1.585182039123947950e-01 5.890372572613236102e-01 2.524445388262815393e-01
1.176280162608780211e+00 1.585455332818380136e-01 5.890181267027133627e-01 2.524363400154486237e-01
1.175976812781683645e+00 1.585728590439728358e-01 5.889989986692190094e-01 2.524281422868081548e-01
1.175673556922391061e+00 1.586001811924947769e-01 5.889798731652536867e-01 2.524199456422515642e-01
1.175370394982719890e+00 1.586274997211319371e-01 5.889607501952076607e-01 2.524117500836604022e-01
1.175067326914495336e+00 1.586548146236331502e-01 5.889416297634567643e-01 2.524035556129100577e-01
1.174764352669551926e+00 1.586821258937730905e-01 5.889225118743588450e-01 2.523953622318680923e-01
1.174461472199729739e+00 1.587094335253524946e-01 5.889033965322532094e-01 2.523871699423942405e-01
1.174158685456881290e+00 1.587367375122029078e-01 5.888842837414579590e-01 2.523789787463391332e-01
1.173855992392861536e+00 1.587640378484963810e-01 5.888651735060524972e-01 2.523707886454510940e-01
1.173553392959537200e+00 1.587913345280034527e-01 5.888460658303975581e-01 2.523625996415989614e-01
1.173250887108781892e+00 1.588186275445374329e-01 5.888269607188237886e-01 2.523544117366387507e-01
1.172948474792477214e+00 1.588459168918790465e-01 5.888078581756847063e-01 2.523462249324363027e-01
1.172646155962511871e+00 1.588732025638068257e-01 5.887887582053351609e-01 2.523380392308579023e-01
1.172343930570785231e+00 1.589004845541009958e-01 5.887696608121292252e-01 2.523298546337696679e-01
1.172041798569200877e+00 1.589277628565579636e-01 5.887505660004094254e-01 2.523216711430326109e-01
1.171739759909673051e+00 1.589550374649950082e-01 5.887314737745034110e-01 2.523134887605014698e-01
1.171437814544122658e+00 1.589823083732016251e-01 5.887123841387588152e-01 2.523053074880395319e-01
1.171135962424479260e+00 1.590095755749740825e-01 5.886932970975180535e-01 2.522971273275077531e-01
1.170834203502681081e+00 1.590368390641098140e-01 5.886742126551230969e-01 2.522889482807670336e-01
1.170532537730672340e+00 1.590640988344427520e-01 5.886551308158900486e-01 2.522807703496671716e-01
1.170230965060408135e+00 1.590913548798391086e-01 5.886360515841125851e-01 2.522725935360482508e-01
1.169929485443847561e+00 1.591186071941730340e-01 5.886169749640788318e-01 2.522644178417480787e-01
1.169628098832960150e+00 1.591458557712616961e-01 5.885979009601167711e-01 2.522562432686214495e-01
1.169326805179724538e+00 1.591731006052740094e-01 5.885788295763081379e-01 2.522480698184177972e-01
1.169025604436126242e+00 1.592003416901043023e-01 5.885597608169269579e-01 2.522398974929687121e-01
1.168724496554156778e+00 1.592275790195913088e-01 5.885406946862861144e-01 2.522317262941226046e-01
1.168423481485819204e+00 1.592548125875723475e-01 5.885216311886992679e-01 2.522235562237282736e-01
1.168122559183121911e+00 1.592820423878913705e-01 5.885025703284759713e-01 2.522153872836325750e-01
1.167821729598081948e+00 1.593092684144029603e-01 5.884835121099178945e-01 2.522072194756790897e-01
1.167520992682725023e+00 1.593364906610095222e-01 5.884644565372932901e-01 2.521990528016971322e-01
1.167220348389084839e+00 1.593637091215748536e-01 5.884454036148976108e-01 2.521908872635275634e-01
1.166919796669201537e+00 1.593909237899699960e-01 5.884263533470209806e-01 2.521827228630089679e-01
1.166619337475125473e+00 1.594181346600752336e-01 5.884073057379473060e-01 2.521745596019774327e-01
1.166318970758913443e+00 1.594453417257835626e-01 5.883882607919515007e-01 2.521663974822649368e-01
1.166018696472631566e+00 1.594725449810276141e-01 5.883692185132806118e-01 2.521582365056916908e-01
1.165718514568351738e+00 1.594997444197080727e-01 5.883501789062043352e-01 2.521500766740875643e-01
1.165418424998155844e+00 1.595269400357378076e-01 5.883311419749834847e-01 2.521419179892786522e-01
1.165118427714134208e+00 1.595541318230340178e-01 5.883121077238760988e-01 2.521337604530897725e-01
1.164818522668383149e+00 1.595813197755213686e-01 5.882930761571349976e-01 2.521256040673435783e-01
1.164518709813008090e+00 1.596085038871769002e-01 5.882740472789761421e-01 2.521174488338469577e-01
1.164218989100123114e+00 1.596356841519450120e-01 5.882550210936383639e-01 2.521092947544164575e-01
1.163919360481849630e+00 1.596628605637747389e-01 5.882359976053576078e-01 2.521011418308675700e-01
1.163619823910315709e+00 1.596900331166238307e-01 5.882169768183632685e-01 2.520929900650128452e-01
1.163320379337660748e+00 1.597172018045727171e-01 5.881979587367990314e-01 2.520848394586281960e-01
1.163021026716028361e+00 1.597443666217669977e-01 5.881789433647630627e-01 2.520766900134698840e-01
1.162721765997574153e+00 1.597715275621961473e-01 5.881599307064626636e-01 2.520685417313411336e-01
1.162422597134458391e+00 1.597986846198511390e-01 5.881409207661041361e-01 2.520603946140446694e-01
1.162123520078850447e+00 1.598258377887284143e-01 5.881219135478901183e-01 2.520522486633814951e-01
1.161824534782928575e+00 1.598529870628319360e-01 5.881029090560175865e-01 2.520441038811503942e-01
1.161525641198877912e+00 1.598801324361908693e-01 5.880839072946663082e-01 2.520359602691427114e-01
1.161226839278893364e+00 1.599072739028565004e-01 5.880649082680003970e-01 2.520278178291430193e-01
1.160928128975174500e+00 1.599344114568587993e-01 5.880459119801987322e-01 2.520196765629423297e-01
1.160629510239934215e+00 1.599615450922399207e-01 5.880269184354319778e-01 2.520115364723279905e-01
1.160330983025387619e+00 1.599886748030505124e-01 5.880079276378645803e-01 2.520033975590847963e-01
1.160032547283760263e+00 1.600158005833480501e-01 5.879889395916563233e-01 2.519952598249955433e-01
1.159734202967289463e+00 1.600429224272315043e-01 5.879699543009379026e-01 2.519871232718305376e-01
1.159435950028214757e+00 1.600700403287893814e-01 5.879509717698474525e-01 2.519789879013631939e-01
1.159137788418785009e+00 1.600971542821062465e-01 5.879319920025255497e-01 2.519708537153680927e-01
1.158839718091260185e+00 1.601242642812797101e-01 5.879130150031042223e-01 2.519627207156160953e-01
1.158541738997906467e+00 1.601513703204155981e-01 5.878940407757090592e-01 2.519545889038752873e-01
1.158243851090997811e+00 1.601784723936270916e-01 5.878750693244609860e-01 2.519464582819118670e-01
1.157946054322815055e+00 1.602055704950786641e-01 5.878561006534448463e-01 2.519383288514763786e-01
1.157648348645650360e+00 1.602326646189045911e-01 5.878371347667666891e-01 2.519302006143285810e-01
1.157350734011801219e+00 1.602597547592462535e-01 5.878181716685275671e-01 2.519220735722261240e-01
1.157053210373573338e+00 1.602868409102599645e-01 5.877992113628179860e-01 2.519139477269219940e-01
1.156755777683283526e+00 1.603139230661070336e-01 5.877802538537250099e-01 2.519058230801679010e-01
1.156458435893251702e+00 1.603410012209594282e-01 5.877612991453283753e-01 2.518976996337121688e-01
1.156161184955809995e+00 1.603680753690392979e-01 5.877423472416724026e-01 2.518895773892881884e-01
1.155864024823296754e+00 1.603951455045364849e-01 5.877233981468243940e-01 2.518814563486390656e-01
1.155566955448058097e+00 1.604222116216530991e-01 5.877044518648427696e-01 2.518733365135040203e-01
1.155269976782449470e+00 1.604492737146018810e-01 5.876855083997786222e-01 2.518652178856193857e-01
1.154973088778834756e+00 1.604763317776022602e-01 5.876665677556783818e-01 2.518571004667193303e-01
1.154676291389582499e+00 1.605033858048881268e-01 5.876476299365782641e-01 2.518489842585335814e-01
1.154379584567073236e+00 1.605304357907297308e-01 5.876286949464890608e-01 2.518408692627810419e-01
1.154082968263694831e+00 1.605574817293836665e-01 5.876097627894314446e-01 2.518327554811848890e-01
1.153786442431842252e+00 1.605845236151137168e-01 5.875908334694203150e-01 2.518246429154658572e-01
1.153490007023917574e+00 1.606115614421888549e-01 5.875719069904677960e-01 2.518165315673433491e-01
1.153193661992331531e+00 1.606385952048918486e-01 5.875529833565756865e-01 2.518084214385324371e-01
1.152897407289505960e+00 1.606656248975139867e-01 5.875340625717401233e-01 2.518003125307458068e-01
1.152601242995800135e+00 1.606926505148709716e-01 5.875151446395903143e-01 2.517922048455387141e-01
1.152305169211932157e+00 1.607196720520349675e-01 5.874962295635755005e-01 2.517840983843894764e-01
1.152009185623492415e+00 1.607466895025627673e-01 5.874773173482060740e-01 2.517759931492311587e-01
1.151713292182931614e+00 1.607737028603247464e-01 5.874584079977726025e-01 2.517678891419025677e-01
1.151417488842706449e+00 1.608007121186505461e-01 5.874395015169445733e-01 2.517597863644048251e-01
1.151121775555283389e+00 1.608277172713928616e-01 5.874205979100249886e-01 2.517516848185821221e-01
1.150826152273137115e+00 1.608547183127249924e-01 5.874016971810924748e-01 2.517435845061825050e-01
1.150530618948747641e+00 1.608817152369655112e-01 5.873827993341240727e-01 2.517354854289103328e-01
1.150235175534606746e+00 1.609087080384899171e-01 5.873639043730570775e-01 2.517273875884530332e-01
1.149939821983212429e+00 1.609356967116915837e-01 5.873450123018157942e-01 2.517192909864924832e-01
1.149644558247070236e+00 1.609626812509858118e-01 5.873261231243098734e-01 2.517111956247042315e-01
1.149349384278694597e+00 1.609896616508033618e-01 5.873072368444376412e-01 2.517031015047589970e-01
1.149054300030609488e+00 1.610166379055836816e-01 5.872883534660913174e-01 2.516950086283248900e-01
1.148759305455344659e+00 1.610436100097810408e-01 5.872694729931532409e-01 2.516869169970656905e-01
1.148464400505438299e+00 1.610705779578717745e-01 5.872505954294896524e-01 2.516788266126384621e-01
1.148169585133438142e+00 1.610975417443409885e-01 5.872317207789612414e-01 2.516707374766977146e-01
1.147874859291899030e+00 1.611245013636653234e-01 5.872128490454342487e-01 2.516626495909004002e-01
1.147580222933383354e+00 1.611514568103316336e-01 5.871939802327678093e-01 2.516545629569005293e-01
1.147285676010463940e+00 1.611784080788357665e-01 5.871751143448149524e-01 2.516464775763492812e-01
1.146991218475719609e+00 1.612053551636810356e-01 5.871562513854232668e-01 2.516383934508956699e-01
1.146696850281736069e+00 1.612322980593826616e-01 5.871373913584321258e-01 2.516303105821852126e-01
1.146402571646316648e+00 1.612592367615179045e-01 5.871185342669374974e-01 2.516222289715446259e-01
1.146108382591000119e+00 1.612861712652416124e-01 5.870996801143308907e-01 2.516141486204275246e-01
1.145814282743573109e+00 1.613131015641159904e-01 5.870808289051187012e-01 2.516060695307651973e-01
1.145520272056654187e+00 1.613400276517883702e-01 5.870619806437481492e-01 2.515979917044635084e-01
1.145226350482868583e+00 1.613669495214407612e-01 5.870431353349914172e-01 2.515899151435677661e-01
1.144932517974850628e+00 1.613938671670570035e-01 5.870242929830601364e-01 2.515818398498829156e-01
1.144638774485243315e+00 1.614207805829771802e-01 5.870054535919159155e-01 2.515737658251068209e-01
1.144345119966695634e+00 1.614476897637171782e-01 5.869866171653979059e-01 2.515656930708848327e-01
1.144051554371866342e+00 1.614745947038801754e-01 5.869677837072838633e-01 2.515576215888359335e-01
1.143758077653421967e+00 1.615014953981266377e-01 5.869489532213113536e-01 2.515495513805620087e-01
1.143464689764038145e+00 1.615283918411189457e-01 5.869301257112166104e-01 2.515414824476642774e-01
1.143171390656396724e+00 1.615552840275338853e-01 5.869113011807263192e-01 2.515334147917398511e-01
1.142878180283189993e+00 1.615821719520607880e-01 5.868924796335573957e-01 2.515253484143817331e-01
1.142585058597115788e+00 1.616090556093957298e-01 5.868736610734229808e-01 2.515172833171812616e-01
1.142292025550882384e+00 1.616359349942451118e-01 5.868548455040283329e-01 2.515092195017264443e-01
1.141999081097203605e+00 1.616628101013200813e-01 5.868360329290759347e-01 2.515011569696039562e-01
1.141706225831821575e+00 1.616896809279149139e-01 5.868172233504594937e-01 2.514930957216255369e-01
1.141413459168640676e+00 1.617165474673999681e-01 5.867984167728199640e-01 2.514850357597799846e-01
1.141120780965491521e+00 1.617434097140492966e-01 5.867796132001654730e-01 2.514769770857852027e-01
1.140828191175122130e+00 1.617702676606025680e-01 5.867608126375781774e-01 2.514689197018192268e-01
1.140535689750285631e+00 1.617971213005138242e-01 5.867420150896403008e-01 2.514608636098458194e-01
1.140243276643742698e+00 1.618239706280253098e-01 5.867232205603821749e-01 2.514528088115923765e-01
1.139950951808265778e+00 1.618508156377277962e-01 5.867044290535904372e-01 2.514447553086816556e-01
1.139658715196632643e+00 1.618776563243575217e-01 5.866856405729496959e-01 2.514367031026927268e-01
1.139366566761630173e+00 1.619044926827229725e-01 5.866668551220938221e-01 2.514286521951830666e-01
1.139074506456052793e+00 1.619313247077407703e-01 5.866480727045814136e-01 2.514206025876777884e-01
1.138782534232704036e+00 1.619581523943877666e-01 5.866292933239284357e-01 2.514125542816836312e-01
1.138490650044394981e+00 1.619849757376379817e-01 5.866105169836534072e-01 2.514045072787086110e-01
1.138198853843945146e+00 1.620117947325686036e-01 5.865917436872020163e-01 2.513964615802294356e-01
1.137907146323164698e+00 1.620386093770592728e-01 5.865729734360585201e-01 2.513884171868822071e-01
1.137615526823683387e+00 1.620654196644585598e-01 5.865542062348789720e-01 2.513803741006624404e-01
1.137323995179820413e+00 1.620922255891138752e-01 5.865354420876203179e-01 2.513723323232658347e-01
1.137032551344427489e+00 1.621190271436208363e-01 5.865166809994654118e-01 2.513642918569137241e-01
1.136741195270361882e+00 1.621458243213770023e-01 5.864979229750360012e-01 2.513562527035868577e-01
1.136449926910488628e+00 1.621726171167069963e-01 5.864791680183050193e-01 2.513482148649878734e-01
1.136158746217684978e+00 1.621994055243475563e-01 5.864604161329567411e-01 2.513401783426957303e-01
1.135867653144830625e+00 1.622261895392215214e-01 5.864416673225448795e-01 2.513321431382335436e-01
1.135576647644818360e+00 1.622529691563213694e-01 5.864229215905749637e-01 2.513241092531035559e-01
1.135285729670546973e+00 1.622797443706709697e-01 5.864041789405303184e-01 2.513160766887986841e-01
1.134994899174921912e+00 1.623065151773172010e-01 5.863854393758779482e-01 2.513080454468048508e-01
1.134704156541117781e+00 1.623332815730581247e-01 5.863667028988592822e-01 2.513000155280825654e-01
1.134413501829037330e+00 1.623600435540991926e-01 5.863479695121305291e-01 2.512919869337702505e-01
1.134122934463604127e+00 1.623868011139170398e-01 5.863292392202580361e-01 2.512839596658248964e-01
1.133832454397756040e+00 1.624135542460750925e-01 5.863105120277474214e-01 2.512759337261774584e-01
1.133542061584438487e+00 1.624403029433162948e-01 5.862917879396785104e-01 2.512679091170050838e-01
1.133251755976606212e+00 1.624670471996401411e-01 5.862730669602518319e-01 2.512598858401079438e-01
1.132961537527221951e+00 1.624937870097597770e-01 5.862543490931680923e-01 2.512518638970720475e-01
1.132671406189255103e+00 1.625205223686811973e-01 5.862356343419231619e-01 2.512438432893956408e-01
1.132381361915685725e+00 1.625472532717061325e-01 5.862169227098056323e-01 2.512358240184881519e-01
1.132091404659500533e+00 1.625739797142378706e-01 5.861982142000334850e-01 2.512278060857286444e-01
1.131801534532685949e+00 1.626007016921306170e-01 5.861795088155085098e-01 2.512197894923607899e-01
1.131511752229025447e+00 1.626274192038176802e-01 5.861608065573274962e-01 2.512117742388546571e-01
1.131222056810966992e+00 1.626541322419577107e-01 5.861421074306295553e-01 2.512037603274127062e-01
1.130932448231525944e+00 1.626808408009921825e-01 5.861234114393054639e-01 2.511957477597023258e-01
1.130642926443730767e+00 1.627075448732922258e-01 5.861047185886953947e-01 2.511877365380123517e-01
1.130353491400614141e+00 1.627342444526165832e-01 5.860860288831684084e-01 2.511797266642150084e-01
1.130064143055218295e+00 1.627609395336737097e-01 5.860673423264283199e-01 2.511717181398978593e-01
1.129774881360594563e+00 1.627876301115459279e-01 5.860486589219178200e-01 2.511637109665362244e-01
1.129485706269801160e+00 1.628143161814805673e-01 5.860299786729635807e-01 2.511557051455557965e-01
1.129196617735904518e+00 1.628409977387992036e-01 5.860113015828405381e-01 2.511477006783602306e-01
1.128907616501851230e+00 1.628676747820978210e-01 5.859926276525314615e-01 2.511396975653706343e-01
1.128618702090803172e+00 1.628943473059680513e-01 5.859739568858223224e-01 2.511316958082095430e-01
1.128329874105087560e+00 1.629210153045291820e-01 5.859552892868294949e-01 2.511236954086412121e-01
1.128041132497800580e+00 1.629476787705509966e-01 5.859366248606142635e-01 2.511156963688346844e-01
1.127752477222051519e+00 1.629743376974821245e-01 5.859179636117624046e-01 2.511076986907553321e-01
1.127463908230952994e+00 1.630009920798877188e-01 5.858993055440785414e-01 2.510997023760336844e-01
1.127175425477626280e+00 1.630276419129724763e-01 5.858806506609192111e-01 2.510917074261082571e-01
1.126887028915203759e+00 1.630542871920580006e-01 5.858619989655593496e-01 2.510837138423825943e-01
1.126598718496824025e+00 1.630809279125853273e-01 5.858433504611901821e-01 2.510757216262243796e-01
1.126310495264951195e+00 1.631075640745148492e-01 5.858247051478395750e-01 2.510677307776455480e-01
1.126022358225600817e+00 1.631341956708289576e-01 5.858060630304197103e-01 2.510597412987513044e-01
1.125734307198924533e+00 1.631608226963142116e-01 5.857874241125800019e-01 2.510517531911057310e-01
1.125446342138091582e+00 1.631874451429921047e-01 5.857687883999055378e-01 2.510437664571023575e-01
1.125158462996278974e+00 1.632140630042163143e-01 5.857501558970485966e-01 2.510357810987350891e-01
1.124870669726675043e+00 1.632406762746793361e-01 5.857315266077244287e-01 2.510277971175962075e-01
1.124582962282473009e+00 1.632672849496946410e-01 5.857129005352137430e-01 2.510198145150915883e-01
1.124295340616873640e+00 1.632938890250090203e-01 5.856942776824936026e-01 2.510118332924972662e-01
1.124007805493829615e+00 1.633204885000725248e-01 5.856756580499491438e-01 2.510038534499782203e-01
1.123720356548933985e+00 1.633470833703191960e-01 5.856570416407764768e-01 2.509958749889042440e-01
1.123432993251447520e+00 1.633736736297607961e-01 5.856384284591673595e-01 2.509878979110717334e-01
1.123145715554603852e+00 1.634002592713181545e-01 5.856198185100772724e-01 2.509799222186045453e-01
1.122858523411645715e+00 1.634268402877982751e-01 5.856012117985411880e-01 2.509719479136605091e-01
1.122571416775822506e+00 1.634534166736227034e-01 5.855826083284640937e-01 2.509639749979131751e-01
1.122284395600392060e+00 1.634799884240352719e-01 5.855640081031753263e-01 2.509560034727894018e-01
1.121997459838622424e+00 1.635065555346027766e-01 5.855454111257779592e-01 2.509480333396191254e-01
1.121710610546689857e+00 1.635331180058148814e-01 5.855268173959295996e-01 2.509400645982555189e-01
1.121423846848144334e+00 1.635596758314943333e-01 5.855082269179539001e-01 2.509320972505517111e-01
1.121137168432237541e+00 1.635862290063075375e-01 5.854896396955847626e-01 2.509241312981077554e-01
1.120850575252268833e+00 1.636127775227318171e-01 5.854710557340876420e-01 2.509161667431804577e-01
1.120564067261541563e+00 1.636393213743117248e-01 5.854524750379818121e-01 2.509082035877064909e-01
1.120277644413370410e+00 1.636658605557934354e-01 5.854338976109445536e-01 2.509002418332619277e-01
1.119991306661078490e+00 1.636923950626338331e-01 5.854153234561562114e-01 2.508922814812098445e-01
1.119705054483713491e+00 1.637189248927513052e-01 5.853967525750740641e-01 2.508843225321745751e-01
1.119418888222221575e+00 1.637454500442725447e-01 5.853781849690091743e-01 2.508763649867182255e-01
1.119132806925739132e+00 1.637719705106418511e-01 5.853596206425506487e-01 2.508684088468074447e-01
1.118846810547619697e+00 1.637984862858370971e-01 5.853410595999140043e-01 2.508604541142488986e-01
1.118560899041223911e+00 1.638249973620122535e-01 5.853225018465914031e-01 2.508525007913963156e-01
1.118275072359923294e+00 1.638515037333221902e-01 5.853039473866744613e-01 2.508445488800033485e-01
1.117989330457094033e+00 1.638780053951960636e-01 5.852853962233627305e-01 2.508365983814411782e-01
1.117703673668468234e+00 1.639045023456215111e-01 5.852668483580649728e-01 2.508286492963135439e-01
1.117418102684662129e+00 1.639309945840980720e-01 5.852483037911312413e-01 2.508207016247705479e-01
1.117132616348610830e+00 1.639574821033165930e-01 5.852297625276783322e-01 2.508127553690049916e-01
1.116847214613723605e+00 1.639839648979575792e-01 5.852112245714297112e-01 2.508048105306127096e-01
1.116561897433419048e+00 1.640104429599890390e-01 5.851926899280076588e-01 2.507968671120032744e-01
1.116276664761122417e+00 1.640369162834383887e-01 5.851741586015930530e-01 2.507889251149684751e-01
1.115991516550266294e+00 1.640633848636594005e-01 5.851556305954382919e-01 2.507809845409021410e-01
1.115706453426377864e+00 1.640898486993086214e-01 5.851371059104839567e-01 2.507730453902073942e-01
1.115421475563413756e+00 1.641163077882166199e-01 5.851185845482482772e-01 2.507651076635349918e-01
1.115136582031326595e+00 1.641427621243077561e-01 5.851000665129845180e-01 2.507571713627076426e-01
1.114851772783582273e+00 1.641692117015362273e-01 5.850815518089246270e-01 2.507492364895391179e-01
1.114567047773652897e+00 1.641956565124315648e-01 5.850630404412978658e-01 2.507413030462705139e-01
1.114282406955020566e+00 1.642220965514287756e-01 5.850445324139998959e-01 2.507333710345713840e-01
1.113997850281175372e+00 1.642485318140905204e-01 5.850260277301365663e-01 2.507254404557728300e-01
1.113713379099853906e+00 1.642749623022673744e-01 5.850075263884128018e-01 2.507175113093197960e-01
1.113428992203417955e+00 1.643013880090781753e-01 5.849890283936451940e-01 2.507095835972765197e-01
1.113144689321358349e+00 1.643278089296841549e-01 5.849705337492210333e-01 2.507016573210947286e-01
1.112860470407195157e+00 1.643542250557668005e-01 5.849520424609632174e-01 2.506937324832699265e-01
1.112576335414456441e+00 1.643806363815525640e-01 5.849335545329131802e-01 2.506858090855342280e-01
1.112292284296681144e+00 1.644070429025525637e-01 5.849150699682131860e-01 2.506778871292342226e-01
1.112008317874692231e+00 1.644334446183449427e-01 5.848965887671584429e-01 2.506699666144964755e-01
1.111724436048322495e+00 1.644598415260615509e-01 5.848781109317569005e-01 2.506620475421815208e-01
1.111440637966634615e+00 1.644862336194432006e-01 5.848596364663897207e-01 2.506541299141670232e-01
1.111156923583196621e+00 1.645126208918026578e-01 5.848411653757381590e-01 2.506462137324592110e-01
1.110873292851585870e+00 1.645390033355006165e-01 5.848226976651494935e-01 2.506382989993498067e-01
1.110589745725387489e+00 1.645653809452536087e-01 5.848042333383224323e-01 2.506303857164238758e-01
1.110306282813640077e+00 1.645917537205438819e-01 5.847857723956192411e-01 2.506224738838367938e-01
1.110022904493314977e+00 1.646181216606219799e-01 5.847673148375646113e-01 2.506145635018133810e-01
1.109739609648250580e+00 1.646444847586088778e-01 5.847488606689738022e-01 2.506066545724173200e-01
1.109456398232064434e+00 1.646708430085266905e-01 5.847304098940313555e-01 2.505987470974420095e-01
1.109173270198380745e+00 1.646971964023175861e-01 5.847119625183776481e-01 2.505908410793046825e-01
1.108890225500831495e+00 1.647235449343875668e-01 5.846935185459286588e-01 2.505829365196837188e-01
1.108607264851366292e+00 1.647498886039481525e-01 5.846750779772362794e-01 2.505750334188155404e-01
1.108324388474630995e+00 1.647762274097262503e-01 5.846566408131915749e-01 2.505671317770821194e-01
1.108041595304010585e+00 1.648025613458426186e-01 5.846382070579101420e-01 2.505592315962472116e-01
1.107758885293167905e+00 1.648288904062997218e-01 5.846197767155900671e-01 2.505513328781100446e-01
1.107476258395777124e+00 1.648552145831425064e-01 5.846013497918001178e-01 2.505434356250572092e-01
1.107193714565519072e+00 1.648815338709188338e-01 5.845829262903567969e-01 2.505355398387243415e-01
1.106911254931511879e+00 1.649078482705433890e-01 5.845645062106196166e-01 2.505276455188369944e-01
1.106628878937479410e+00 1.649341577782608981e-01 5.845460895552173630e-01 2.505197526665217111e-01
1.106346585880689570e+00 1.649604623885026211e-01 5.845276763280481402e-01 2.505118612834492109e-01
1.106064375714853387e+00 1.649867620943100965e-01 5.845092665339829408e-01 2.505039713717069905e-01
1.105782248393692324e+00 1.650130568890120497e-01 5.844908601776915846e-01 2.504960829332963934e-01
1.105500203892238575e+00 1.650393467677280235e-01 5.844724572625903392e-01 2.504881959696815819e-01
1.105218244006700212e+00 1.650656317344956769e-01 5.844540577858530206e-01 2.504803104796513025e-01
1.104936366836054562e+00 1.650919117807605196e-01 5.844356617534676168e-01 2.504724264657718358e-01
1.104654572334053286e+00 1.651181869028943150e-01 5.844172691679738740e-01 2.504645439291317000e-01
1.104372860454456040e+00 1.651444570915731325e-01 5.843988800358987934e-01 2.504566628725280464e-01
1.104091231151032471e+00 1.651707223408770131e-01 5.843804943613860603e-01 2.504487832977368988e-01
1.103809685390072293e+00 1.651969826517515061e-01 5.843621121437738708e-01 2.504409052044745398e-01
1.103528223038548139e+00 1.652232380217174834e-01 5.843437333847977255e-01 2.504330285934847633e-01
1.103246843133544930e+00 1.652494884447999468e-01 5.843253580886400567e-01 2.504251534665600243e-01
1.102965545628864064e+00 1.652757339146315452e-01 5.843069862597578545e-01 2.504172798256105170e-01
1.102684330478312269e+00 1.653019744234875410e-01 5.842886179035586824e-01 2.504094076729537210e-01
1.102403197970172277e+00 1.653282099677004235e-01 5.842702530226095980e-01 2.504015370096898674e-01
1.102122149371630888e+00 1.653544405500982084e-01 5.842518916149311847e-01 2.503936678349705236e-01
1.101841182997676638e+00 1.653806661632187536e-01 5.842335336857468198e-01 2.503858001510343434e-01
1.101560298802147120e+00 1.654068868026682959e-01 5.842151792381321540e-01 2.503779339591994946e-01
1.101279496738891250e+00 1.654331024598268973e-01 5.841968282781211386e-01 2.503700692620519086e-01
1.100998776761764830e+00 1.654593131288967789e-01 5.841784808097721937e-01 2.503622060613309164e-01
1.100718140722949823e+00 1.654855188141012290e-01 5.841601368301291286e-01 2.503543443557696424e-01
1.100437586814978053e+00 1.655117195072275671e-01 5.841417963449406781e-01 2.503464841478317271e-01
1.100157114863723695e+00 1.655379152053977898e-01 5.841234593562215638e-01 2.503386254383806464e-01
1.099876724823074747e+00 1.655641058999619553e-01 5.841051258700266091e-01 2.503307682300113801e-01
1.099596416646927199e+00 1.655902915847712320e-01 5.840867958906601487e-01 2.503229125245686193e-01
1.099316191984335056e+00 1.656164722630130148e-01 5.840684694158908563e-01 2.503150583210960733e-01
1.099036049478169463e+00 1.656426479281308539e-01 5.840501464503083939e-01 2.503072056215607244e-01
1.098755988707199815e+00 1.656688185756248488e-01 5.840318269970625753e-01 2.502993544273125481e-01
1.098476009625355410e+00 1.656949841976448623e-01 5.840135110616485603e-01 2.502915047407065496e-01
1.098196112186572426e+00 1.657211447886125510e-01 5.839951986479712254e-01 2.502836565634162236e-01
1.097916298051811346e+00 1.657473003515990695e-01 5.839768897538806236e-01 2.502758098945203069e-01
1.097636565884160254e+00 1.657734508801529949e-01 5.839585843838929202e-01 2.502679647359540849e-01
1.097356915230375707e+00 1.657995963697482811e-01 5.839402825411761366e-01 2.502601210890755268e-01
1.097077346044421864e+00 1.658257368119188668e-01 5.839219842316567544e-01 2.502522789564243233e-01
1.096797858280277094e+00 1.658518722006810386e-01 5.839036894595233118e-01 2.502444383397957051e-01
1.096518453825597650e+00 1.658780025412147363e-01 5.838853982211495985e-01 2.502365992376355819e-01
1.096239130934061778e+00 1.659041278256953023e-01 5.838671105220132329e-01 2.502287616522914093e-01
1.095959889335246906e+00 1.659302480501702870e-01 5.838488263648807797e-01 2.502209255849489056e-01
1.095680728983160712e+00 1.659563632055680305e-01 5.838305457561022704e-01 2.502130910383295603e-01
1.095401650004772964e+00 1.659824732862932861e-01 5.838122686995945720e-01 2.502052580141119753e-01
1.095122654210114010e+00 1.660085782977062108e-01 5.837939951916055747e-01 2.501974265106881035e-01
1.094843739533181592e+00 1.660346782316097780e-01 5.837757252378731332e-01 2.501895965305170333e-01
1.094564905928014475e+00 1.660607730842446617e-01 5.837574588410286980e-01 2.501817680747265848e-01
1.094286153348659862e+00 1.660868628461109053e-01 5.837391960077222830e-01 2.501739411461667006e-01
1.094007482533854381e+00 1.661129475147561652e-01 5.837209367396706261e-01 2.501661157455731255e-01
1.093728894113983774e+00 1.661390270911896061e-01 5.837026810361672924e-01 2.501582918726431015e-01
1.093450386591033885e+00 1.661651015690569499e-01 5.836844289016600573e-01 2.501504695292828817e-01
1.093171959919082781e+00 1.661911709433634143e-01 5.836661803396455683e-01 2.501426487169909341e-01
1.092893614052218743e+00 1.662172352056197899e-01 5.836479353560660721e-01 2.501348294383140547e-01
1.092615350555039111e+00 1.662432943576613309e-01 5.836296939496370406e-01 2.501270116927016285e-01
1.092337168450040474e+00 1.662693483949258810e-01 5.836114561235518083e-01 2.501191954815222274e-01
1.092059067021344809e+00 1.662953973125221585e-01 5.835932218812344141e-01 2.501113808062433441e-01
1.091781046223069707e+00 1.663214411039504459e-01 5.835749912272346629e-01 2.501035676688148635e-01
1.091503106335359075e+00 1.663474797635056401e-01 5.835567641655460269e-01 2.500957560709483052e-01
1.091225248984483365e+00 1.663735132946865536e-01 5.835385406937193542e-01 2.500879460115940089e-01
1.090947472135331386e+00 1.663995416891759227e-01 5.835203208175767653e-01 2.500801374932472010e-01
1.090669775742052483e+00 1.664255649430722850e-01 5.835021045398494088e-01 2.500723305170783339e-01
1.090392159758806212e+00 1.664515830477337477e-01 5.834838918665863350e-01 2.500645250856798341e-01
1.090114625675439264e+00 1.664775960049410253e-01 5.834656827965412074e-01 2.500567211985176841e-01
1.089837172742556870e+00 1.665036038104788507e-01 5.834474773326647767e-01 2.500489188568563725e-01
1.089559800091119079e+00 1.665296064596093195e-01 5.834292754782733903e-01 2.500411180621172069e-01
1.089282507675315204e+00 1.665556039448752024e-01 5.834110772385873167e-01 2.500333188165373977e-01
1.089005296005614465e+00 1.665815962616186696e-01 5.833928826168669479e-01 2.500255211215143825e-01
1.088728166326166980e+00 1.666075834132483002e-01 5.833746916107260816e-01 2.500177249760254794e-01
1.088451116753853087e+00 1.666335653914788051e-01 5.833565042259648559e-01 2.500099303825563668e-01
1.088174147242891188e+00 1.666595421923609266e-01 5.833383204653472820e-01 2.500021373422917081e-01
1.087897257747513891e+00 1.666855138067977471e-01 5.833201403352414882e-01 2.499943458579606537e-01
1.087620450370939462e+00 1.667114802388854067e-01 5.833019638327802125e-01 2.499865559283343808e-01
1.087343723215468350e+00 1.667374414819230155e-01 5.832837909626538142e-01 2.499787675554230870e-01
1.087067075947187877e+00 1.667633975325549522e-01 5.832656217272115251e-01 2.499709807402334949e-01
1.086790508520361076e+00 1.667893483819786471e-01 5.832474561326148610e-01 2.499631954854063809e-01
1.086514022363282317e+00 1.668152940302694565e-01 5.832292941788114193e-01 2.499554117909191797e-01
1.086237616962814512e+00 1.668412344739406694e-01 5.832111358682414703e-01 2.499476296578177770e-01
1.085961291275493235e+00 1.668671697085582772e-01 5.831929812040091976e-01 2.499398490874324974e-01
1.085685045255611492e+00 1.668930997277504602e-01 5.831748301905745890e-01 2.499320700816748397e-01
1.085408879791239789e+00 1.669190245282421159e-01 5.831566828302304772e-01 2.499242926415273514e-01
1.085132795484375023e+00 1.669449441099747078e-01 5.831385391230176074e-01 2.499165167670075738e-01
1.084856790716728803e+00 1.669708584654913952e-01 5.831203990741559151e-01 2.499087424603525509e-01
1.084580865442627884e+00 1.669967675906824656e-01 5.831022626865222103e-01 2.499009697227952409e-01
1.084305020144491483e+00 1.670226714802262868e-01 5.830841299638415132e-01 2.498931985559320890e-01
1.084029256270267583e+00 1.670485701366487830e-01 5.830660009043457936e-01 2.498854289590053679e-01
1.083753571761453927e+00 1.670744635511363652e-01 5.830478755142045610e-01 2.498776609346591016e-01
1.083477966572408135e+00 1.671003517194291632e-01 5.830297537963995413e-01 2.498698944841712399e-01
