1.199924274174523742e+00 1.611744433359247330e-01 5.871778896648526258e-01 2.516476669992225301e-01
1.199613536994384111e+00 1.611961997304740268e-01 5.871626601886681396e-01 2.516411400808577503e-01
1.199302897574048954e+00 1.612179501643978830e-01 5.871474348849214930e-01 2.516346149506806240e-01
1.198992356639893453e+00 1.612396946407083087e-01 5.871322137515041506e-01 2.516280916077874852e-01
1.198681913652055453e+00 1.612614331593792416e-01 5.871169967884345420e-01 2.516215700521862164e-01
1.198371568267941445e+00 1.612831657205256175e-01 5.871017839956320650e-01 2.516150502838422898e-01
1.198061320438771782e+00 1.613048923227498599e-01 5.870865753740750481e-01 2.516085323031750365e-01
1.197751170115780139e+00 1.613266129649548464e-01 5.870713709245315437e-01 2.516020161105135267e-01
1.197441117250203746e+00 1.613483276469715177e-01 5.870561706471199015e-01 2.515955017059085530e-01
1.197131161793289378e+00 1.613700363690080963e-01 5.870409745416943492e-01 2.515889890892975544e-01
1.196821303696292471e+00 1.613917391314907690e-01 5.870257826079564589e-01 2.515824782605527443e-01
1.196511542910474235e+00 1.614134359355402504e-01 5.870105948451217470e-01 2.515759692193378916e-01
1.196201879387106315e+00 1.614351267818696090e-01 5.869954112526911683e-01 2.515694619654391118e-01
1.195892313857753519e+00 1.614568116732841840e-01 5.869802318287010712e-01 2.515629564980147448e-01
1.195582845674492134e+00 1.614784906091537020e-01 5.869650565735923253e-01 2.515564528172538616e-01
1.195273474597861707e+00 1.615001635893154874e-01 5.869498854874790617e-01 2.515499509232053121e-01
1.194964200579165414e+00 1.615218306123659686e-01 5.869347185713437165e-01 2.515434508162902039e-01
1.194655023569714869e+00 1.615434916774217411e-01 5.869195558258046841e-01 2.515369524967734360e-01
1.194345943520830122e+00 1.615651467848075451e-01 5.869043972506345908e-01 2.515304559645576976e-01
1.194036960383836554e+00 1.615867959352528249e-01 5.868892428453229559e-01 2.515239612194241636e-01
1.193728074110071091e+00 1.616084391291820743e-01 5.868740926095724619e-01 2.515174682612453805e-01
1.193419284650875767e+00 1.616300763670704688e-01 5.868589465430505969e-01 2.515109770898788510e-01
1.193110591957601052e+00 1.616517076493737826e-01 5.868438046454382828e-01 2.515044877051878514e-01
1.192801995981606744e+00 1.616733329765406013e-01 5.868286669164215485e-01 2.514980001070378224e-01
1.192493497335119113e+00 1.616949523510406439e-01 5.868135333542714438e-01 2.514915142946878013e-01
1.192185095501806957e+00 1.617165657726030437e-01 5.867984039591778167e-01 2.514850302682190564e-01
1.191876790230246952e+00 1.617381732416105777e-01 5.867832787308725484e-01 2.514785480275168461e-01
1.191568581471828869e+00 1.617597747569121946e-01 5.867681576701614388e-01 2.514720675729263388e-01
1.191260469177953807e+00 1.617813703179139528e-01 5.867530407774601553e-01 2.514655889046257808e-01
1.190952453300029523e+00 1.618029599246045835e-01 5.867379280527768026e-01 2.514591120226186138e-01
1.190644533789471327e+00 1.618245435772421859e-01 5.867228194959304144e-01 2.514526369268273442e-01
1.190336710597704295e+00 1.618461212762326851e-01 5.867077151066371066e-01 2.514461636171301806e-01
1.190028983676157281e+00 1.618676930220421806e-01 5.866926148845704736e-01 2.514396920933873458e-01
1.189721352976272462e+00 1.618892588152704981e-01 5.866775188293106291e-01 2.514332223554188173e-01
1.189413818449495341e+00 1.619108186568447572e-01 5.866624269402086478e-01 2.514267544029465395e-01
1.189106380047281197e+00 1.619323725472552877e-01 5.866473392169212486e-01 2.514202882358234081e-01
1.188799037818995652e+00 1.619539204872513238e-01 5.866322556589240733e-01 2.514138238538246028e-01
1.188491792257616586e+00 1.619754624790108732e-01 5.866171762646923415e-01 2.514073612562967575e-01
1.188184642665588431e+00 1.619969985217091513e-01 5.866021010348035913e-01 2.514009004434872296e-01
1.187877588994400435e+00 1.620185286154420534e-01 5.865870299691905432e-01 2.513944414153673756e-01
1.187570631195547843e+00 1.620400527590352135e-01 5.865719630686753172e-01 2.513879841722894137e-01
1.187263769220535892e+00 1.620615709521362191e-01 5.865569003335046050e-01 2.513815287143590926e-01
1.186957003020877810e+00 1.620830831953986029e-01 5.865418417632209946e-01 2.513750750413804025e-01
1.186650332548092157e+00 1.621045894893043959e-01 5.865267873574868673e-01 2.513686231532086812e-01
1.186343757753708816e+00 1.621260898342806178e-01 5.865117371160034621e-01 2.513621730497158091e-01
1.186037278589261890e+00 1.621475842307850967e-01 5.864966910384503684e-01 2.513557247307644515e-01
1.185730895006297470e+00 1.621690726793225401e-01 5.864816491244742025e-01 2.513492781962032296e-01
1.185424606956367644e+00 1.621905551803705103e-01 5.864666113737405650e-01 2.513428334458888136e-01
1.185118414391029606e+00 1.622120317343929141e-01 5.864515777859249379e-01 2.513363904796820925e-01
1.184812317261854542e+00 1.622335023419841649e-01 5.864365483606109875e-01 2.513299492974047089e-01
1.184506315520414299e+00 1.622549670036833036e-01 5.864215230974216819e-01 2.513235098988950145e-01
1.184200409118296049e+00 1.622764257203253568e-01 5.864065019957722669e-01 2.513170722839023763e-01
1.183894598557543754e+00 1.622978784941879749e-01 5.863914850540683510e-01 2.513106364517436186e-01
1.183588883271394998e+00 1.623193253246267287e-01 5.863764722727612400e-01 2.513042024026119758e-01
1.183283263169773614e+00 1.623407662118673822e-01 5.863614636516927270e-01 2.512977701364397798e-01
1.182977738204298301e+00 1.623622011550435451e-01 5.863464591914695490e-01 2.512913396534869337e-01
1.182672308326593757e+00 1.623836301538586213e-01 5.863314588922989845e-01 2.512849109538424219e-01
1.182366973488291784e+00 1.624050532085004606e-01 5.863164627540496943e-01 2.512784840374498452e-01
1.182061733641035506e+00 1.624264703193704917e-01 5.863014707764405697e-01 2.512720589041888553e-01
1.181756588736472935e+00 1.624478814869133869e-01 5.862864829591606375e-01 2.512656355539260034e-01
1.181451538726261186e+00 1.624692867116063477e-01 5.862714993018754983e-01 2.512592139865180707e-01
1.181146583562064478e+00 1.624906859943665849e-01 5.862565198039433323e-01 2.512527942016899996e-01
1.180841723195556137e+00 1.625120793359475790e-01 5.862415444648366725e-01 2.512463761992156930e-01
1.180536957578416812e+00 1.625334667368389663e-01 5.862265732842126820e-01 2.512399599789482685e-01
1.180232286662334928e+00 1.625548481975274406e-01 5.862116062617307444e-01 2.512335455407417872e-01
1.179927710399007568e+00 1.625762237185058301e-01 5.861966433970459134e-01 2.512271328844482565e-01
1.179623228740138474e+00 1.625975933002870855e-01 5.861816846897990319e-01 2.512207220099138549e-01
1.179318841637439386e+00 1.626189569433467152e-01 5.861667301396572549e-01 2.512143129169959743e-01
1.179014549042632698e+00 1.626403146481572304e-01 5.861517797462899582e-01 2.512079056055528392e-01
1.178710350907445248e+00 1.626616664151928626e-01 5.861368335093649629e-01 2.512015000754421190e-01
1.178406247183613420e+00 1.626830122449594573e-01 5.861218914285283299e-01 2.511950963265121572e-01
1.178102237822880927e+00 1.627043521379221425e-01 5.861069535034544309e-01 2.511886943586233434e-01
1.177798322948242049e+00 1.627256860954131301e-01 5.860920197332107895e-01 2.511822941713760526e-01
1.177494502559118139e+00 1.627470141183048058e-01 5.860770901171865610e-01 2.511758957645085499e-01
1.177190776378828074e+00 1.627683362065482642e-01 5.860621646554161623e-01 2.511694991380354902e-01
1.176887144359149762e+00 1.627896523601409517e-01 5.860472433479012588e-01 2.511631042919577061e-01
1.176583606451869102e+00 1.628109625788247694e-01 5.860323261948225948e-01 2.511567112263525803e-01
1.176280162608780211e+00 1.628322668628676972e-01 5.860174131959925425e-01 2.511503199411396769e-01
1.175976812781683645e+00 1.628535652126871791e-01 5.860025043511188914e-01 2.511439304361938185e-01
1.175673556922391061e+00 1.628748576287689376e-01 5.859875996598616910e-01 2.511375427113692882e-01
1.175370394982719890e+00 1.628961441116227038e-01 5.859726991218641157e-01 2.511311567665132083e-01
1.175067326914495336e+00 1.629174246617750565e-01 5.859578027367574604e-01 2.511247726014674830e-01
1.174764352669551926e+00 1.629386992797722811e-01 5.859429105041593644e-01 2.511183902160682990e-01
1.174461472199729739e+00 1.629599679661805911e-01 5.859280224236734780e-01 2.511120096101457921e-01
1.174158685456881290e+00 1.629812307215883216e-01 5.859131384948881305e-01 2.511056307835234924e-01
1.173855992392861536e+00 1.630024875468625289e-01 5.858982587171961409e-01 2.510992537359412191e-01
1.173553392959537200e+00 1.630237384425379799e-01 5.858833830902233641e-01 2.510928784672386005e-01
1.173250887108781892e+00 1.630449834091832750e-01 5.858685116135716742e-01 2.510865049772449953e-01
1.172948474792477214e+00 1.630662224473377331e-01 5.858536442868635952e-01 2.510801332657986995e-01
1.172646155962511871e+00 1.630874555575347606e-01 5.858387811097256481e-01 2.510737633327395635e-01
1.172343930570785231e+00 1.631086827403079864e-01 5.858239220817843540e-01 2.510673951779076041e-01
1.172041798569200877e+00 1.631299039962039177e-01 5.858090672026571299e-01 2.510610288011387858e-01
1.171739759909673051e+00 1.631511193257841885e-01 5.857942164719510680e-01 2.510546642022647434e-01
1.171437814544122658e+00 1.631723287295846203e-01 5.857793698892906908e-01 2.510483013811246056e-01
1.171135962424479260e+00 1.631935322081426443e-01 5.857645274543001879e-01 2.510419403375572234e-01
1.170834203502681081e+00 1.632147297619970794e-01 5.857496891666020833e-01 2.510355810714008928e-01
1.170532537730672340e+00 1.632359213917153051e-01 5.857348550257992503e-01 2.510292235824854168e-01
1.170230965060408135e+00 1.632571070978890704e-01 5.857200250314775758e-01 2.510228678706332706e-01
1.169929485443847561e+00 1.632782868811109289e-01 5.857051991832222804e-01 2.510165139356667074e-01
1.169628098832960150e+00 1.632994607419276656e-01 5.856903774806505591e-01 2.510101617774216920e-01
1.169326805179724538e+00 1.633206286811745289e-01 5.856755599231777687e-01 2.510038113956475914e-01
1.169025604436126242e+00 1.633417906994580893e-01 5.856607465103792487e-01 2.509974627901625510e-01
1.168724496554156778e+00 1.633629467973332083e-01 5.856459372418667542e-01 2.509911159608000375e-01
1.168423481485819204e+00 1.633840969753547478e-01 5.856311321172517070e-01 2.509847709073935729e-01
1.168122559183121911e+00 1.634052412340810112e-01 5.856163311361433088e-01 2.509784276297756800e-01
1.167821729598081948e+00 1.634263795740763803e-01 5.856015342981465421e-01 2.509720861277771053e-01
1.167520992682725023e+00 1.634475119959403200e-01 5.855867416028417427e-01 2.509657464012178818e-01
1.167220348389084839e+00 1.634686385002410425e-01 5.855719530498312286e-01 2.509594084499276456e-01
1.166919796669201537e+00 1.634897590875505347e-01 5.855571686387145425e-01 2.509530722737348118e-01
1.166619337475125473e+00 1.635108737584445304e-01 5.855423883690887843e-01 2.509467378724666298e-01
1.166318970758913443e+00 1.635319825135064797e-01 5.855276122405455030e-01 2.509404052459480727e-01
1.166018696472631566e+00 1.635530853533530837e-01 5.855128402526528220e-01 2.509340743939940666e-01
1.165718514568351738e+00 1.635741822785719002e-01 5.854980724049996255e-01 2.509277453164284188e-01
1.165418424998155844e+00 1.635952732897548167e-01 5.854833086971715783e-01 2.509214180130735494e-01
1.165118427714134208e+00 1.636163583874981065e-01 5.854685491287512367e-01 2.509150924837505459e-01
1.164818522668383149e+00 1.636374375724023444e-01 5.854537936993182701e-01 2.509087687282792745e-01
1.164518709813008090e+00 1.636585108451078241e-01 5.854390424084244815e-01 2.509024467464676111e-01
1.164218989100123114e+00 1.636795782062243909e-01 5.854242952556428792e-01 2.508961265381327022e-01
1.163919360481849630e+00 1.637006396563659705e-01 5.854095522405438068e-01 2.508898081030901950e-01
1.163619823910315709e+00 1.637216951961511513e-01 5.853948133626941663e-01 2.508834914411546824e-01
1.163320379337660748e+00 1.637427448262930574e-01 5.853800786215948015e-01 2.508771765521120578e-01
1.163021026716028361e+00 1.637637885475607680e-01 5.853653480167073653e-01 2.508708634357317280e-01
1.162721765997574153e+00 1.637848263605922172e-01 5.853506215475854368e-01 2.508645520918223459e-01
1.162422597134458391e+00 1.638058582660207041e-01 5.853358992137854822e-01 2.508582425201937860e-01
1.162123520078850447e+00 1.638268842644839962e-01 5.853211810148611915e-01 2.508519347206548122e-01
1.161824534782928575e+00 1.638479043566249682e-01 5.853064669503624806e-01 2.508456286930124679e-01
1.161525641198877912e+00 1.638689185431019824e-01 5.852917570198286068e-01 2.508393244370694108e-01
1.161226839278893364e+00 1.638899268245904151e-01 5.852770512227867261e-01 2.508330219526228588e-01
1.160928128975174500e+00 1.639109292017472130e-01 5.852623495587768732e-01 2.508267212394758028e-01
1.160629510239934215e+00 1.639319256752345966e-01 5.852476520273357519e-01 2.508204222974296238e-01
1.160330983025387619e+00 1.639529162457192824e-01 5.852329586279965135e-01 2.508141251262842042e-01
1.160032547283760263e+00 1.639739009138738990e-01 5.852182693602882013e-01 2.508078297258378164e-01
1.159734202967289463e+00 1.639948796804000519e-01 5.852035842237198748e-01 2.508015360958799622e-01
1.159435950028214757e+00 1.640158525459885219e-01 5.851889032178080319e-01 2.507952442362034184e-01
1.159137788418785009e+00 1.640368195113266758e-01 5.851742263420712797e-01 2.507889541466020167e-01
1.158839718091260185e+00 1.640577805771069875e-01 5.851595535960251171e-01 2.507826658268679232e-01
1.158541738997906467e+00 1.640787357440273986e-01 5.851448849791807127e-01 2.507763792767917499e-01
1.158243851090997811e+00 1.640996850127910966e-01 5.851302204910461269e-01 2.507700944961626655e-01
1.157946054322815055e+00 1.641206283841379343e-01 5.851155601311034404e-01 2.507638114847586253e-01
1.157648348645650360e+00 1.641415658587821458e-01 5.851009038988524980e-01 2.507575302423653563e-01
1.157350734011801219e+00 1.641624974374426005e-01 5.850862517937901464e-01 2.507512507687671977e-01
1.157053210373573338e+00 1.641834231208434691e-01 5.850716038154095688e-01 2.507449730637469343e-01
1.156755777683283526e+00 1.642043429097144458e-01 5.850569599631998408e-01 2.507386971270856857e-01
1.156458435893251702e+00 1.642252568047913586e-01 5.850423202366460407e-01 2.507324229585625730e-01
1.156161184955809995e+00 1.642461648068448410e-01 5.850276846352086002e-01 2.507261505579465588e-01
1.155864024823296754e+00 1.642670669166211295e-01 5.850130531583651594e-01 2.507198799250136556e-01
1.155566955448058097e+00 1.642879631348712899e-01 5.849984258055900277e-01 2.507136110595385992e-01
1.155269976782449470e+00 1.643088534623518560e-01 5.849838025763537397e-01 2.507073439612944599e-01
1.154973088778834756e+00 1.643297378998253844e-01 5.849691834701221671e-01 2.507010786300523653e-01
1.154676291389582499e+00 1.643506164480592058e-01 5.849545684863585171e-01 2.506948150655822216e-01
1.154379584567073236e+00 1.643714891078513762e-01 5.849399576245040144e-01 2.506885532676445538e-01
1.154082968263694831e+00 1.643923558799860463e-01 5.849253508840097648e-01 2.506822932360041611e-01
1.153786442431842252e+00 1.644132167652469778e-01 5.849107482643270961e-01 2.506760349704258983e-01
1.153490007023917574e+00 1.644340717644240113e-01 5.848961497649031172e-01 2.506697784706727883e-01
1.153193661992331531e+00 1.644549208783121497e-01 5.848815553851814952e-01 2.506635237365063551e-01
1.152897407289505960e+00 1.644757641077122523e-01 5.848669651246013457e-01 2.506572707676862910e-01
1.152601242995800135e+00 1.644966014538529475e-01 5.848523789823029118e-01 2.506510195638441130e-01
1.152305169211932157e+00 1.645174329181650630e-01 5.848377969572843282e-01 2.506447701245504422e-01
1.152009185623492415e+00 1.645382585008428322e-01 5.848232190494100369e-01 2.506385224497471587e-01
1.151713292182931614e+00 1.645590782023308440e-01 5.848086452583683981e-01 2.506322765393007579e-01
1.151417488842706449e+00 1.645798920226319295e-01 5.847940755841576355e-01 2.506260323932104073e-01
1.151121775555283389e+00 1.646006999621743849e-01 5.847795100264778778e-01 2.506197900113476540e-01
1.150826152273137115e+00 1.646215020216415525e-01 5.847649485848509521e-01 2.506135493935075509e-01
1.150530618948747641e+00 1.646422982018377890e-01 5.847503912587134201e-01 2.506073105394486245e-01
1.150235175534606746e+00 1.646630885036064473e-01 5.847358380474754203e-01 2.506010734489180769e-01
1.149939821983212429e+00 1.646838729278057578e-01 5.847212889505359890e-01 2.505948381216582810e-01
1.149644558247070236e+00 1.647046514753081059e-01 5.847067439672842815e-01 2.505886045574075571e-01
1.149349384278694597e+00 1.647254241469943703e-01 5.846922030971039019e-01 2.505823727559016723e-01
1.149054300030609488e+00 1.647461909437530903e-01 5.846776663393727924e-01 2.505761427168740618e-01
1.148759305455344659e+00 1.647669518664765520e-01 5.846631336934664525e-01 2.505699144400570511e-01
1.148464400505438299e+00 1.647877069160785246e-01 5.846486051587449495e-01 2.505636879251764149e-01
1.148169585133438142e+00 1.648084560934718334e-01 5.846340807345696833e-01 2.505574631719584278e-01
1.147874859291899030e+00 1.648291993995630311e-01 5.846195604203058283e-01 2.505512401801310851e-01
1.147580222933383354e+00 1.648499368352624728e-01 5.846050442153162274e-01 2.505450189494212165e-01
1.147285676010463940e+00 1.648706684014848156e-01 5.845905321189606152e-01 2.505387994795545414e-01
1.146991218475719609e+00 1.648913940991496574e-01 5.845760241305951732e-01 2.505325817702551139e-01
1.146696850281736069e+00 1.649121139291800375e-01 5.845615202495739737e-01 2.505263658212459887e-01
1.146402571646316648e+00 1.649328278933679393e-01 5.845470204746423537e-01 2.505201516319895960e-01
1.146108382591000119e+00 1.649535359931514344e-01 5.845325248047940070e-01 2.505139392020545586e-01
1.145814282743573109e+00 1.649742382286717157e-01 5.845180332399297907e-01 2.505077285313984659e-01
1.145520272056654187e+00 1.649949346001327033e-01 5.845035457799070411e-01 2.505015196199602001e-01
1.145226350482868583e+00 1.650156251073628400e-01 5.844890624248458844e-01 2.504953124677911092e-01
1.144932517974850628e+00 1.650363097508363575e-01 5.844745831744144748e-01 2.504891070747490844e-01
1.144638774485243315e+00 1.650569885313170615e-01 5.844601080280780181e-01 2.504829034406048649e-01
1.144345119966695634e+00 1.650776614497072303e-01 5.844456369852049082e-01 2.504767015650878337e-01
1.144051554371866342e+00 1.650983285069781703e-01 5.844311700451152447e-01 2.504705014479065572e-01
1.143758077653421967e+00 1.651189897041447363e-01 5.844167072070985958e-01 2.504643030887565569e-01
1.143464689764038145e+00 1.651396450422194517e-01 5.844022484704463061e-01 2.504581064873341312e-01
1.143171390656396724e+00 1.651602945222249430e-01 5.843877938344425038e-01 2.504519116433325254e-01
1.142878180283189993e+00 1.651809381451889991e-01 5.843733432983676535e-01 2.504457185564433197e-01
1.142585058597115788e+00 1.652015759121444605e-01 5.843588968614988888e-01 2.504395272263566508e-01
1.142292025550882384e+00 1.652222078241263603e-01 5.843444545231115672e-01 2.504333376527621002e-01
1.141999081097203605e+00 1.652428338821737841e-01 5.843300162824783817e-01 2.504271498353478620e-01
1.141706225831821575e+00 1.652634540894254433e-01 5.843155821374022008e-01 2.504209637731723559e-01
1.141413459168640676e+00 1.652840684458210530e-01 5.843011520879252130e-01 2.504147794662536786e-01
1.141120780965491521e+00 1.653046769520303549e-01 5.842867261335786822e-01 2.504085969143908796e-01
1.140828191175122130e+00 1.653252796074796416e-01 5.842723042747641760e-01 2.504024161177560992e-01
1.140535689750285631e+00 1.653458764121688573e-01 5.842578865114816944e-01 2.503962370763493372e-01
1.140243276643742698e+00 1.653664673667388230e-01 5.842434728432828184e-01 2.503900597899783587e-01
1.139950951808265778e+00 1.653870524721070545e-01 5.842290632695250618e-01 2.503838842583678836e-01
1.139658715196632643e+00 1.654076317293088627e-01 5.842146577894837822e-01 2.503777104812073273e-01
1.139366566761630173e+00 1.654282051394326547e-01 5.842002564023970335e-01 2.503715384581701731e-01
1.139074506456052793e+00 1.654487727036536848e-01 5.841858591074423623e-01 2.503653681889038696e-01
1.138782534232704036e+00 1.654693344231909780e-01 5.841714659037662294e-01 2.503591996730427094e-01
1.138490650044394981e+00 1.654898902992595344e-01 5.841570767905183148e-01 2.503530329102221508e-01
1.138198853843945146e+00 1.655104403331542906e-01 5.841426917667918994e-01 2.503468679000536712e-01
1.137907146323164698e+00 1.655309845284491654e-01 5.841283108300855398e-01 2.503407046414652393e-01
1.137615526823683387e+00 1.655515228850255316e-01 5.841139339804820585e-01 2.503345431344923266e-01
1.137323995179820413e+00 1.655720554035732262e-01 5.840995612174987306e-01 2.503283833789280433e-01
1.137032551344427489e+00 1.655925820833639983e-01 5.840851925416451484e-01 2.503222253749907700e-01
1.136741195270361882e+00 1.656131029243133324e-01 5.840708279529805980e-01 2.503160691227059864e-01
1.136449926910488628e+00 1.656336179270901099e-01 5.840564674510368981e-01 2.503099146218729643e-01
1.136158746217684978e+00 1.656541270926881471e-01 5.840421110351182721e-01 2.503037618721935531e-01
1.135867653144830625e+00 1.656746304222554977e-01 5.840277587044211405e-01 2.502976108733233618e-01
1.135576647644818360e+00 1.656951279169871227e-01 5.840134104581089503e-01 2.502914616249038438e-01
1.135285729670546973e+00 1.657156195781052110e-01 5.839990662953262746e-01 2.502853141265684034e-01
1.134994899174921912e+00 1.657361054068437756e-01 5.839847262152092489e-01 2.502791683779468368e-01
1.134704156541117781e+00 1.657565854058604127e-01 5.839703902158975835e-01 2.502730243782418373e-01
1.134413501829037330e+00 1.657770595773254974e-01 5.839560582958721602e-01 2.502668821268023702e-01
1.134122934463604127e+00 1.657975279211853781e-01 5.839417304551701715e-01 2.502607416236443671e-01
1.133832454397756040e+00 1.658179904374623703e-01 5.839274066937762964e-01 2.502546028687612778e-01
1.133542061584438487e+00 1.658384471255077985e-01 5.839130870121445049e-01 2.502484658623476688e-01
1.133251755976606212e+00 1.658588979856931156e-01 5.838987714100147830e-01 2.502423306042920736e-01
1.132961537527221951e+00 1.658793430189585694e-01 5.838844598867289903e-01 2.502361970943124403e-01
1.132671406189255103e+00 1.658997822264825783e-01 5.838701524414621202e-01 2.502300653320552182e-01
1.132381361915685725e+00 1.659202156096774849e-01 5.838558490732257411e-01 2.502239353170967462e-01
1.132091404659500533e+00 1.659406431700343187e-01 5.838415497809759103e-01 2.502178070489897155e-01
1.131801534532685949e+00 1.659610649094102053e-01 5.838272545634127786e-01 2.502116805271769051e-01
1.131511752229025447e+00 1.659814808317506274e-01 5.838129634177745553e-01 2.502055557504748173e-01
1.131222056810966992e+00 1.660018909363080164e-01 5.837986763445843774e-01 2.501994327191076062e-01
1.130932448231525944e+00 1.660222952237787042e-01 5.837843933433548571e-01 2.501933114328663832e-01
1.130642926443730767e+00 1.660426936931865827e-01 5.837701144147693366e-01 2.501871918920440252e-01
1.130353491400614141e+00 1.660630863446744543e-01 5.837558395587277849e-01 2.501810740965976221e-01
1.130064143055218295e+00 1.660834731791468455e-01 5.837415687745971526e-01 2.501749580462559464e-01
1.129774881360594563e+00 1.661038541978118455e-01 5.837273020615316721e-01 2.501688437406564547e-01
1.129485706269801160e+00 1.661242294020017773e-01 5.837130394185987559e-01 2.501627311793994668e-01
1.129196617735904518e+00 1.661445987931099988e-01 5.836987808448229620e-01 2.501566203620669837e-01
1.128907616501851230e+00 1.661649623751854099e-01 5.836845263373702242e-01 2.501505112874443659e-01
1.128618702090803172e+00 1.661853201490171850e-01 5.836702758956878734e-01 2.501444039552948029e-01
1.128329874105087560e+00 1.662056721150118044e-01 5.836560295194916925e-01 2.501382983654964476e-01
1.128041132497800580e+00 1.662260182724833724e-01 5.836417872092616310e-01 2.501321945182549689e-01
1.127752477222051519e+00 1.662463586212958866e-01 5.836275489650928350e-01 2.501260924136112229e-01
1.127463908230952994e+00 1.662666931622113486e-01 5.836133147864520643e-01 2.501199920513366148e-01
1.127175425477626280e+00 1.662870218965011027e-01 5.835990846724491421e-01 2.501138934310496720e-01
1.126887028915203759e+00 1.663073448255322495e-01 5.835848586221273893e-01 2.501077965523403335e-01
1.126598718496824025e+00 1.663276619507610410e-01 5.835706366344672880e-01 2.501017014147716711e-01
1.126310495264951195e+00 1.663479732773101016e-01 5.835564187058829289e-01 2.500956080168069695e-01
1.126022358225600817e+00 1.663682788046349781e-01 5.835422048367554515e-01 2.500895163586094871e-01
1.125734307198924533e+00 1.663885785336472189e-01 5.835279950264469218e-01 2.500834264399058315e-01
1.125446342138091582e+00 1.664088724630331528e-01 5.835137892758767153e-01 2.500773382610900208e-01
1.125158462996278974e+00 1.664291605925507234e-01 5.834995875852144742e-01 2.500712518222347747e-01
1.124870669726675043e+00 1.664494429230305994e-01 5.834853899538785527e-01 2.500651671230908479e-01
1.124582962282473009e+00 1.664697194558056870e-01 5.834711963809360302e-01 2.500590841632582828e-01
1.124295340616873640e+00 1.664899901925525338e-01 5.834570068652131791e-01 2.500530029422342593e-01
1.124007805493829615e+00 1.665102551379458173e-01 5.834428214034378390e-01 2.500469234586162326e-01
1.123720356548933985e+00 1.665305142934022098e-01 5.834286399946184698e-01 2.500408457119793204e-01
1.123432993251447520e+00 1.665507676591785335e-01 5.834144626385749932e-01 2.500347697022464177e-01
1.123145715554603852e+00 1.665710152346574491e-01 5.834002893357397301e-01 2.500286954296027653e-01
1.122858523411645715e+00 1.665912570191305508e-01 5.833861200866085062e-01 2.500226228942608042e-01
1.122571416775822506e+00 1.666114930131837035e-01 5.833719548907714270e-01 2.500165520960448973e-01
1.122284395600392060e+00 1.666317232180636876e-01 5.833577937473554131e-01 2.500104830345808993e-01
1.121997459838622424e+00 1.666519476352754658e-01 5.833436366553070851e-01 2.500044157094173380e-01
1.121710610546689857e+00 1.666721662703068707e-01 5.833294836107851822e-01 2.499983501189079194e-01
1.121423846848144334e+00 1.666923791232370611e-01 5.833153346137339712e-01 2.499922862630288567e-01
1.121137168432237541e+00 1.667125861948281496e-01 5.833011896636202120e-01 2.499862241415515274e-01
1.120850575252268833e+00 1.667327874840789370e-01 5.832870487611446775e-01 2.499801637547763022e-01
1.120564067261541563e+00 1.667529829908468153e-01 5.832729119064071766e-01 2.499741051027459249e-01
1.120277644413370410e+00 1.667731727159549315e-01 5.832587790988315035e-01 2.499680481852135094e-01
1.119991306661078490e+00 1.667933566607915363e-01 5.832446503374458802e-01 2.499619930017625280e-01
1.119705054483713491e+00 1.668135348287358710e-01 5.832305256198848653e-01 2.499559395513792359e-01
1.119418888222221575e+00 1.668337072233330720e-01 5.832164049436668884e-01 2.499498878330000950e-01
1.119132806925739132e+00 1.668538738443248737e-01 5.832022883089725829e-01 2.499438378467025434e-01
1.118846810547619697e+00 1.668740346918929918e-01 5.831881757156748280e-01 2.499377895924320969e-01
1.118560899041223911e+00 1.668941897647536476e-01 5.831740671646723495e-01 2.499317430705738918e-01
1.118275072359923294e+00 1.669143390632285007e-01 5.831599626557399940e-01 2.499256982810314498e-01
1.117989330457094033e+00 1.669344825886577011e-01 5.831458621879395121e-01 2.499196552234026758e-01
1.117703673668468234e+00 1.669546203444485233e-01 5.831317657588860337e-01 2.499136138966654430e-01
1.117418102684662129e+00 1.669747523352313467e-01 5.831176733653379296e-01 2.499075742994305571e-01
1.117132616348610830e+00 1.669948785601114705e-01 5.831035850079219207e-01 2.499015364319665533e-01
1.116847214613723605e+00 1.670149990198127599e-01 5.830895006861310792e-01 2.498955002940561609e-01
1.116561897433419048e+00 1.670351137128785468e-01 5.830754204009850339e-01 2.498894658861364471e-01
1.116276664761122417e+00 1.670552226395018158e-01 5.830613441523486706e-01 2.498834332081494580e-01
1.115991516550266294e+00 1.670753258009379516e-01 5.830472719393433589e-01 2.498774022597186062e-01
1.115706453426377864e+00 1.670954232011122864e-01 5.830332037592214078e-01 2.498713730396663057e-01
1.115421475563413756e+00 1.671155148432757753e-01 5.830191396097068601e-01 2.498653455470172535e-01
1.115136582031326595e+00 1.671356007275032196e-01 5.830050794907477574e-01 2.498593197817490230e-01
1.114851772783582273e+00 1.671556808539111927e-01 5.829910234022621651e-01 2.498532957438266422e-01
1.114567047773652897e+00 1.671757552214703235e-01 5.829769713449707291e-01 2.498472734335588918e-01
1.114282406955020566e+00 1.671958238306765487e-01 5.829629233185263937e-01 2.498412528507970298e-01
1.113997850281175372e+00 1.672158866829269730e-01 5.829488793219510523e-01 2.498352339951218914e-01
1.113713379099853906e+00 1.672359437847035502e-01 5.829348393507074455e-01 2.498292168645889211e-01
1.113428992203417955e+00 1.672559951354153085e-01 5.829208034052092424e-01 2.498232014593753936e-01
1.113144689321358349e+00 1.672760407361170432e-01 5.829067714847180337e-01 2.498171877791648954e-01
1.112860470407195157e+00 1.672960805850761956e-01 5.828927435904466270e-01 2.498111758244771496e-01
1.112576335414456441e+00 1.673161146826016299e-01 5.828787197221787508e-01 2.498051655952194805e-01
1.112292284296681144e+00 1.673361430300292774e-01 5.828646998789794864e-01 2.497991570909912085e-01
1.112008317874692231e+00 1.673561656319753066e-01 5.828506840576171966e-01 2.497931503104073858e-01
1.111724436048322495e+00 1.673761824910725837e-01 5.828366722562491331e-01 2.497871452526782277e-01
1.111440637966634615e+00 1.673961936072065060e-01 5.828226644749554541e-01 2.497811419178380399e-01
1.111156923583196621e+00 1.674161989799319572e-01 5.828086607140475772e-01 2.497751403060203823e-01
1.110873292851585870e+00 1.674361986080362130e-01 5.827946609743746009e-01 2.497691404175891305e-01
1.110589745725387489e+00 1.674561924921947609e-01 5.827806652554635702e-01 2.497631422523415579e-01
1.110306282813640077e+00 1.674761806369206019e-01 5.827666735541555676e-01 2.497571458089238028e-01
1.110022904493314977e+00 1.674961630465350571e-01 5.827526858674254573e-01 2.497511510860394857e-01
1.109739609648250580e+00 1.675161397203965841e-01 5.827387021957223245e-01 2.497451580838810081e-01
1.109456398232064434e+00 1.675361106586049087e-01 5.827247225389765584e-01 2.497391668024185329e-01
1.109173270198380745e+00 1.675560758595940891e-01 5.827107468982840599e-01 2.497331772421217677e-01
1.108890225500831495e+00 1.675760353237691902e-01 5.826967752733615002e-01 2.497271894028692263e-01
1.108607264851366292e+00 1.675959890554036547e-01 5.826828076612173835e-01 2.497212032833789064e-01
1.108324388474630995e+00 1.676159370583692187e-01 5.826688440591415441e-01 2.497152188824892372e-01
1.108041595304010585e+00 1.676358793328062702e-01 5.826548844670355054e-01 2.497092362001580856e-01
1.107758885293167905e+00 1.676558158787783692e-01 5.826409288848550805e-01 2.497032552363664670e-01
1.107476258395777124e+00 1.676757466947806641e-01 5.826269773136534269e-01 2.496972759915657702e-01
1.107193714565519072e+00 1.676956717813065934e-01 5.826130297530853763e-01 2.496912984656080026e-01
1.106911254931511879e+00 1.677155911439829061e-01 5.825990861992118575e-01 2.496853226568050976e-01
1.106628878937479410e+00 1.677355047846513236e-01 5.825851466507440124e-01 2.496793485646045807e-01
1.106346585880689570e+00 1.677554127036846865e-01 5.825712111074207167e-01 2.496733761888945968e-01
1.106064375714853387e+00 1.677753149003562705e-01 5.825572795697505635e-01 2.496674055298931105e-01
1.105782248393692324e+00 1.677952113741642270e-01 5.825433520380850494e-01 2.496614365877507236e-01
1.105500203892238575e+00 1.678151021260405329e-01 5.825294285117715853e-01 2.496554693621878263e-01
1.105218244006700212e+00 1.678349871641088564e-01 5.825155089851238310e-01 2.496495038507673403e-01
1.104936366836054562e+00 1.678548664863094286e-01 5.825015934595834111e-01 2.496435400541071603e-01
1.104654572334053286e+00 1.678747400945579671e-01 5.824876819338093981e-01 2.496375779716326071e-01
1.104372860454456040e+00 1.678946079862119467e-01 5.824737744096516456e-01 2.496316176041364077e-01
1.104091231151032471e+00 1.679144701613522472e-01 5.824598708870534214e-01 2.496256589515943314e-01
1.103809685390072293e+00 1.679343266255803879e-01 5.824459713620936396e-01 2.496197020123258614e-01
1.103528223038548139e+00 1.679541773817274930e-01 5.824320758327907743e-01 2.496137467854817604e-01
1.103246843133544930e+00 1.679740224297934792e-01 5.824181842991446034e-01 2.496077932710619729e-01
1.102965545628864064e+00 1.679938617694807790e-01 5.824042967613634048e-01 2.496018414691557608e-01
1.102684330478312269e+00 1.680136953994071092e-01 5.823904132204149597e-01 2.495958913801778478e-01
1.102403197970172277e+00 1.680335233214424739e-01 5.823765336749902044e-01 2.495899430035672384e-01
1.102122149371630888e+00 1.680533455426815315e-01 5.823626581201228891e-01 2.495839963371955239e-01
1.101841182997676638e+00 1.680731620619004829e-01 5.823487865566696620e-01 2.495780513814298551e-01
1.101560298802147120e+00 1.680929728803596812e-01 5.823349189837481177e-01 2.495721081358920623e-01
1.101279496738891250e+00 1.681127779959417923e-01 5.823210554028407371e-01 2.495661666012174429e-01
1.100998776761764830e+00 1.681325774087829850e-01 5.823071958138519300e-01 2.495602267773651128e-01
1.100718140722949823e+00 1.681523711270883625e-01 5.822933402110380685e-01 2.495542886618734857e-01
1.100437586814978053e+00 1.681721591490147605e-01 5.822794885956896760e-01 2.495483522552955635e-01
1.100157114863723695e+00 1.681919414770094712e-01 5.822656409660933452e-01 2.495424175568971559e-01
1.099876724823074747e+00 1.682117181089150815e-01 5.822517973237594235e-01 2.495364845673254672e-01
1.099596416646927199e+00 1.682314890445670841e-01 5.822379576688030411e-01 2.495305532866298748e-01
1.099316191984335056e+00 1.682512542913132403e-01 5.822241219960806458e-01 2.495246237126060029e-01
1.099036049478169463e+00 1.682710138486276097e-01 5.822102903059606094e-01 2.495186958454116977e-01
1.098755988707199815e+00 1.682907677176367078e-01 5.821964625976542296e-01 2.495127696847089793e-01
1.098476009625355410e+00 1.683105158968029036e-01 5.821826388722379786e-01 2.495068452309591178e-01
1.098196112186572426e+00 1.683302583863991730e-01 5.821688191295205650e-01 2.495009224840802342e-01
1.097916298051811346e+00 1.683499951936604788e-01 5.821550033644375954e-01 2.494950014419018425e-01
1.097636565884160254e+00 1.683697263181241077e-01 5.821411915773131440e-01 2.494890821045627760e-01
1.097356915230375707e+00 1.683894517608739150e-01 5.821273837673881513e-01 2.494831644717377950e-01
1.097077346044421864e+00 1.684091715198622885e-01 5.821135799360963592e-01 2.494772485440412968e-01
1.096797858280277094e+00 1.684288855950197006e-01 5.820997800834861735e-01 2.494713343214940982e-01
1.096518453825597650e+00 1.684485939952500844e-01 5.820859842033249132e-01 2.494654218014249747e-01
1.096239130934061778e+00 1.684682967189642111e-01 5.820721922967250217e-01 2.494595109843107117e-01
1.095959889335246906e+00 1.684879937676878048e-01 5.820584043626185755e-01 2.494536018696936752e-01
1.095680728983160712e+00 1.685076851388726538e-01 5.820446204027890369e-01 2.494476944583381706e-01
1.095401650004772964e+00 1.685273708327445497e-01 5.820308404170787542e-01 2.494417887501766129e-01
1.095122654210114010e+00 1.685470508583274407e-01 5.820170643991707804e-01 2.494358847425017511e-01
1.094843739533181592e+00 1.685667252137037220e-01 5.820032923504073752e-01 2.494299824358888751e-01
1.094564905928014475e+00 1.685863939005384227e-01 5.819895242696230264e-01 2.494240818298384676e-01
1.094286153348659862e+00 1.686060569159245903e-01 5.819757601588527729e-01 2.494181829252226090e-01
1.094007482533854381e+00 1.686257142625988692e-01 5.819620000161807027e-01 2.494122857212203170e-01
1.093728894113983774e+00 1.686453659460568077e-01 5.819482438377602262e-01 2.494063902161829382e-01
1.093450386591033885e+00 1.686650119658428537e-01 5.819344916239099774e-01 2.494004964102471411e-01
1.093171959919082781e+00 1.686846523226189498e-01 5.819207433741666602e-01 2.493946043032143067e-01
1.092893614052218743e+00 1.687042870142638484e-01 5.819069990900151979e-01 2.493887138957208149e-01
1.092615350555039111e+00 1.687239160469418964e-01 5.818932587671405976e-01 2.493828251859174228e-01
1.092337168450040474e+00 1.687435394216345030e-01 5.818795224048557424e-01 2.493769381735096158e-01
1.092059067021344809e+00 1.687631571390506013e-01 5.818657900026644736e-01 2.493710528582847863e-01
1.091781046223069707e+00 1.687827691986364675e-01 5.818520615609544810e-01 2.493651692404090514e-01
1.091503106335359075e+00 1.688023756004834453e-01 5.818383370796614829e-01 2.493592873198549331e-01
1.091225248984483365e+00 1.688219763520657779e-01 5.818246165535538861e-01 2.493534070943802528e-01
1.090947472135331386e+00 1.688415714513145649e-01 5.818108999840797546e-01 2.493475285646056250e-01
1.090669775742052483e+00 1.688611608997242219e-01 5.817971873701930363e-01 2.493416517300827140e-01
1.090392159758806212e+00 1.688807446950192914e-01 5.817834787134864571e-01 2.493357765914941959e-01
1.090114625675439264e+00 1.689003228432792159e-01 5.817697740097044212e-01 2.493299031470161964e-01
1.089837172742556870e+00 1.689198953457326235e-01 5.817560732579871718e-01 2.493240313962802046e-01
1.089559800091119079e+00 1.689394622031678006e-01 5.817423764577824841e-01 2.493181613390496598e-01
1.089282507675315204e+00 1.689590234142338554e-01 5.817286836100362679e-01 2.493122929757298212e-01
1.089005296005614465e+00 1.689785789798299021e-01 5.817149947141190269e-01 2.493064263060510155e-01
1.088728166326166980e+00 1.689981289073050341e-01 5.817013097648864317e-01 2.493005613278084787e-01
1.088451116753853087e+00 1.690176731945834121e-01 5.816876287637915421e-01 2.492946980416249625e-01
1.088174147242891188e+00 1.690372118430842063e-01 5.816739517098410417e-01 2.492888364470747242e-01
1.087897257747513891e+00 1.690567448501367753e-01 5.816602786049042129e-01 2.492829765449589563e-01
1.087620450370939462e+00 1.690762722236495985e-01 5.816466094434452616e-01 2.492771183329051121e-01
1.087343723215468350e+00 1.690957939627956153e-01 5.816329442260430582e-01 2.492712618111612988e-01
1.087067075947187877e+00 1.691153100694390843e-01 5.816192829513925355e-01 2.492654069791682414e-01
1.086790508520361076e+00 1.691348205411266070e-01 5.816056256212113196e-01 2.492595538376620179e-01
1.086514022363282317e+00 1.691543253825240345e-01 5.815919722322331342e-01 2.492537023852427758e-01
1.086237616962814512e+00 1.691738245953950115e-01 5.815783227832235225e-01 2.492478526213814938e-01
1.085961291275493235e+00 1.691933181807099562e-01 5.815646772735030279e-01 2.492420045457870159e-01
1.085685045255611492e+00 1.692128061379288839e-01 5.815510357034497924e-01 2.492361581586213237e-01
1.085408879791239789e+00 1.692322884690142526e-01 5.815373980716899149e-01 2.492303134592956937e-01
1.085132795484375023e+00 1.692517651784792021e-01 5.815237643750645891e-01 2.492244704464562366e-01
1.084856790716728803e+00 1.692712362648607083e-01 5.815101346145974404e-01 2.492186291205417681e-01
1.084580865442627884e+00 1.692907017293966698e-01 5.814965087894222728e-01 2.492127894811810018e-01
1.084305020144491483e+00 1.693101615723885678e-01 5.814828868993280331e-01 2.492069515282834269e-01
1.084029256270267583e+00 1.693296158004180818e-01 5.814692689397072956e-01 2.492011152598745671e-01
1.083753571761453927e+00 1.693490644109154897e-01 5.814556549123591767e-01 2.491952806767253614e-01
1.083477966572408135e+00 1.693685074049821049e-01 5.814420448165125155e-01 2.491894477785053519e-01
1.083202440914353692e+00 1.693879447821492190e-01 5.814284386524954940e-01 2.491836165653552038e-01
